710859400714
710859400721
710859400738
710859400745
710859400752
710859400769
710859400783
710859400790
710859400806
710859400813
710859400820
710859400837
710859400844
710859400851
710859400868
710859400875
710859400882
710859400899
710859400912
710859400929
710859400943
710859400950
710859400967
710859400974
710859400981
710859400998
710859401001
710859401018
710859401025
710859401032
710859401049
710859401063
710859401070
710859401087
710859401094
710859401100
710859401117
710859401124
710859401131
710859401148
710859401155
710859401162
710859401179
710859401193
710859401209
710859401223
710859401230
710859401247
710859401254
710859401261
710859401278
710859401285
710859401292
710859401308
710859401315
710859401322
710859401339
710859401353
710859401360
710859401377
710859401384
710859401391
710859401407
710859401414
710859401421
710859401438
710859401445
710859401452
710859401469
710859401483
710859401490
710859401506
710859401513
710859401520
710859401537
710859401544
710859401551
710859401568
710859401575
710859401582
710859401599
710859401612
710859401629
710859401643
710859401650
710859401667
710859401674
710859401681
710859401698
710859401704
710859401711
710859401728
710859401735
710859401742
710859401759
710859401773
710859401780
710859401797
710859401803
710859401810
710859401827
710859401834
710859401841
710859401858
710859401865
710859401872
710859401889
710859401902
710859401919
710859401933
710859401940
710859401957
710859401964
710859401971
710859401988
710859401995
710859402008
710859402015
710859402022
710859402039
710859402053
710859402060
710859402077
710859402084
710859402091
710859402107
710859402114
710859402121
710859402138
710859402145
710859402152
710859402169
710859402183
710859402190
710859402206
710859402213
710859402220
710859402237
710859402244
710859402251
710859402268
710859402275
710859402282
710859402299
710859402312
710859402329
710859402343
710859402350
710859402367
710859402374
710859402381
710859402398
710859402404
710859402411
710859402428
710859402435
710859402442
710859402459
710859402473
710859402480
710859402497
710859402503
710859402510
710859402527
710859402534
710859402541
710859402558
710859402565
710859402572
710859402589
710859402602
710859402619
710859402633
710859402640
710859402657
710859402664
710859402671
710859402688
710859402695
710859402701
710859402718
710859402725
710859402732
710859402749
710859402763
710859402770
710859402787
710859402794
710859402800
710859402817
710859402824
710859402831
710859402848
710859402855
710859402862
710859402879
710859402893
710859402909
710859402923
710859402930
710859402947
710859402954
710859402961
710859402978
710859402985
710859402992
710859403005
710859403012
710859403029
710859403043
710859403050
710859403067
710859403074
710859403081
710859403098
710859403104
710859403111
710859403128
710859403135
710859403142
710859403159
710859403173
710859403180
710859403197
710859403203
710859403210
710859403227
710859403234
710859403241
710859403258
710859403265
710859403272
710859403289
710859403302
710859403319
710859403333
710859403340
710859403357
710859403364
710859403371
710859403388
710859403395
710859403401
710859403418
710859403425
710859403432
710859403449
710859403463
710859403470
710859403487
710859403494
710859403500
710859403517
710859403524
710859403531
710859403548
710859403555
710859403562
710859403579
710859403593
710859403609
710859403623
710859403630
710859403647
710859403654
710859403661
710859403678
710859403685
710859403692
710859403708
710859403715
710859403722
710859403739
710859403753
710859403760
710859403777
710859403784
710859403791
710859403807
710859403814
710859403821
710859403838
710859403845
710859403852
710859403869
710859403883
710859403890
710859403906
710859403913
710859403920
710859403937
710859403944
710859403951
710859403968
710859403975
710859403982
710859403999
710859404019
710859404033
710859404040
710859404057
710859404064
710859404071
710859404088
710859404095
710859404101
710859404118
710859404125
710859404132
710859404149
710859404163
710859404170
710859404187
710859404194
710859404200
710859404217
710859404224
710859404231
710859404248
710859404255
710859404262
710859404279
710859404293
710859404309
710859404323
710859404330
710859404347
710859404354
710859404361
710859404378
710859404385
710859404392
710859404408
710859404415
710859404422
710859404439
710859404453
710859404460
710859404477
710859404484
710859404491
710859404507
710859404514
710859404521
710859404538
710859404545
710859404552
710859404569
710859404583
710859404590
710859404606
710859404613
710859404620
710859404637
710859404644
710859404651
710859404668
710859404675
710859404682
710859404699
710859404712
710859404729
710859404743
710859404750
710859404767
710859404774
710859404781
710859404798
710859404804
710859404811
710859404828
710859404835
710859404842
710859404859
710859404873
710859404880
710859404897
710859404903
710859404910
710859404927
710859404934
710859404941
710859404958
710859404965
710859404972
710859404989
710859405009
710859405023
710859405030
710859405047
710859405054
710859405061
710859405078
710859405085
710859405092
710859405108
710859405115
710859405122
710859405139
710859405153
710859405160
710859405177
710859405184
710859405191
710859405207
710859405214
710859405221
710859405238
710859405245
710859405252
710859405269
710859405283
710859405290
710859405306
710859405313
710859405320
710859405337
710859405344
710859405351
710859405368
710859405375
710859405382
710859405399
710859405412
710859405429
710859405443
710859405450
710859405467
710859405474
710859405481
710859405498
710859405504
710859405511
710859405528
710859405535
710859405542
710859405559
710859405573
710859405580
710859405597
710859405603
710859405610
710859405627
710859405634
710859405641
710859405658
710859405665
710859405672
710859405689
710859405702
710859405719
710859405733
710859405740
710859405757
710859405764
710859405771
710859405788
710859405795
710859405801
710859405818
710859405825
710859405832
710859405849
710859405863
710859405870
710859405887
710859405894
710859405900
710859405917
710859405924
710859405931
710859405948
710859405955
710859405962
710859405979
710859405993
710859406006
710859406013
710859406020
710859406037
710859406044
710859406051
710859406068
710859406075
710859406082
710859406099
710859406112
710859406129
710859406143
710859406150
710859406167
710859406174
710859406181
710859406198
710859406204
710859406211
710859406228
710859406235
710859406242
710859406259
710859406273
710859406280
710859406297
710859406303
710859406310
710859406327
710859406334
710859406341
710859406358
710859406365
710859406372
710859406389
710859406402
710859406419
710859406433
710859406440
710859406457
710859406464
710859406471
710859406488
710859406495
710859406501
710859406518
710859406525
710859406532
710859406549
710859406563
710859406570
710859406587
710859406594
710859406600
710859406617
710859406624
710859406631
710859406648
710859406655
710859406662
710859406679
710859406693
710859406709
710859406723
710859406730
710859406747
710859406754
710859406761
710859406778
710859406785
710859406792
710859406808
710859406815
710859406822
710859406839
710859406853
710859406860
710859406877
710859406884
710859406891
710859406907
710859406914
710859406921
710859406938
710859406945
710859406952
710859406969
710859406983
710859406990
710859407003
710859407010
710859407027
710859407034
710859407041
710859407058
710859407065
710859407072
710859407089
710859407102
710859407119
710859407133
710859407140
710859407157
710859407164
710859407171
710859407188
710859407195
710859407201
710859407218
710859407225
710859407232
710859407249
710859407263
710859407270
710859407287
710859407294
710859407300
710859407317
710859407324
710859407331
710859407348
710859407355
710859407362
710859407379
710859407393
710859407409
710859407423
710859407430
710859407447
710859407454
710859407461
710859407478
710859407485
710859407492
710859407508
710859407515
710859407522
710859407539
710859407553
710859407560
710859407577
710859407584
710859407591
710859407607
710859407614
710859407621
710859407638
710859407645
710859407652
710859407669
710859407683
710859407690
710859407706
710859407713
710859407720
710859407737
710859407744
710859407751
710859407768
710859407775
710859407782
710859407799
710859407812
710859407829
710859407843
710859407850
710859407867
710859407874
710859407881
710859407898
710859407904
710859407911
710859407928
710859407935
710859407942
710859407959
710859407973
710859407980
710859407997
710859408000
710859408017
710859408024
710859408031
710859408048
710859408055
710859408062
710859408079
710859408093
710859408109
710859408123
710859408130
710859408147
710859408154
710859408161
710859408178
710859408185
710859408192
710859408208
710859408215
710859408222
710859408239
710859408253
710859408260
710859408277
710859408284
710859408291
710859408307
710859408314
710859408321
710859408338
710859408345
710859408352
710859408369
710859408383
710859408390
710859408406
710859408413
710859408420
710859408437
710859408444
710859408451
710859408468
710859408475
710859408482
710859408499
710859408512
710859408529
710859408543
710859408550
710859408567
710859408574
710859408581
710859408598
710859408604
710859408611
710859408628
710859408635
710859408642
710859408659
710859408673
710859408680
710859408697
710859408703
710859408710
710859408727
710859408734
710859408741
710859408758
710859408765
710859408772
710859408789
710859408802
710859408819
710859408833
710859408840
710859408857
710859408864
710859408871
710859408888
710859408895
710859408901
710859408918
710859408925
710859408932
710859408949
710859408963
710859408970
710859408987
710859408994
710859409007
710859409014
710859409021
710859409038
710859409045
710859409052
710859409069
710859409083
710859409090
710859409106
710859409113
710859409120
710859409137
710859409144
710859409151
710859409168
710859409175
710859409182
710859409199
710859409212
710859409229
710859409243
710859409250
710859409267
710859409274
710859409281
710859409298
710859409304
710859409311
710859409328
710859409335
710859409342
710859409359
710859409373
710859409380
710859409397
710859409403
710859409410
710859409427
710859409434
710859409441
710859409458
710859409465
710859409472
710859409489
710859409502
710859409519
710859409533
710859409540
710859409557
710859409564
710859409571
710859409588
710859409595
710859409601
710859409618
710859409625
710859409632
710859409649
710859409663
710859409670
710859409687
710859409694
710859409700
710859409717
710859409724
710859409731
710859409748
710859409755
710859409762
710859409779
710859409793
710859409809
710859409823
710859409830
710859409847
710859409854
710859409861
710859409878
710859409885
710859409892
710859409908
710859409915
710859409922
710859409939
710859409953
710859409960
710859409977
710859409984
710859409991
710859410003
710859410010
710859410027
710859410034
710859410041
710859410058
710859410065
710859410072
710859410089
710859410102
710859410119
710859410133
710859410140
710859410157
710859410164
710859410171
710859410188
710859410195
710859410201
710859410218
710859410225
710859410232
710859410249
710859410263
710859410270
710859410287
710859410294
710859410300
710859410317
710859410324
710859410331
710859410348
710859410355
710859410362
710859410379
710859410393
710859410409
710859410423
710859410430
710859410447
710859410454
710859410461
710859410478
710859410485
710859410492
710859410508
710859410515
710859410522
710859410539
710859410553
710859410560
710859410577
710859410584
710859410591
710859410607
710859410614
710859410621
710859410638
710859410645
710859410652
710859410669
710859410683
710859410690
710859410706
710859410713
710859410720
710859410737
710859410744
710859410751
710859410768
710859410775
710859410782
710859410799
710859410812
710859410829
710859410843
710859410850
710859410867
710859410874
710859410881
710859410898
710859410904
710859410911
710859410928
710859410935
710859410942
710859410959
710859410973
710859410980
710859410997
710859411000
710859411017
710859411024
710859411031
710859411048
710859411055
710859411062
710859411079
710859411093
710859411109
710859411123
710859411130
710859411147
710859411154
710859411161
710859411178
710859411185
710859411192
710859411208
710859411215
710859411222
710859411239
710859411253
710859411260
710859411277
710859411284
710859411291
710859411307
710859411314
710859411321
710859411338
710859411345
710859411352
710859411369
710859411383
710859411390
710859411406
710859411413
710859411420
710859411437
710859411444
710859411451
710859411468
710859411475
710859411482
710859411499
710859411512
710859411529
710859411543
710859411550
710859411567
710859411574
710859411581
710859411598
710859411604
710859411611
710859411628
710859411635
710859411642
710859411659
710859411673
710859411680
710859411697
710859411703
710859411710
710859411727
710859411734
710859411741
710859411758
710859411765
710859411772
710859411789
710859411802
710859411819
710859411833
710859411840
710859411857
710859411864
710859411871
710859411888
710859411895
710859411901
710859411918
710859411925
710859411932
710859411949
710859411963
710859411970
710859411987
710859411994
710859412007
710859412014
710859412021
710859412038
710859412045
710859412052
710859412069
710859412083
710859412090
710859412106
710859412113
710859412120
710859412137
710859412144
710859412151
710859412168
710859412175
710859412182
710859412199
710859412212
710859412229
710859412243
710859412250
710859412267
710859412274
710859412281
710859412298
710859412304
710859412311
710859412328
710859412335
710859412342
710859412359
710859412373
710859412380
710859412397
710859412403
710859412410
710859412427
710859412434
710859412441
710859412458
710859412465
710859412472
710859412489
710859412502
710859412519
710859412533
710859412540
710859412557
710859412564
710859412571
710859412588
710859412595
710859412601
710859412618
710859412625
710859412632
710859412649
710859412663
710859412670
710859412687
710859412694
710859412700
710859412717
710859412724
710859412731
710859412748
710859412755
710859412762
710859412779
710859412793
710859412809
710859412823
710859412830
710859412847
710859412854
710859412861
710859412878
710859412885
710859412892
710859412908
710859412915
710859412922
710859412939
710859412953
710859412960
710859412977
710859412984
710859412991
710859413004
710859413011
710859413028
710859413035
710859413042
710859413059
710859413073
710859413080
710859413097
710859413103
710859413110
710859413127
710859413134
710859413141
710859413158
710859413165
710859413172
710859413189
710859413202
710859413219
710859413233
710859413240
710859413257
710859413264
710859413271
710859413288
710859413295
710859413301
710859413318
710859413325
710859413332
710859413349
710859413363
710859413370
710859413387
710859413394
710859413400
710859413417
710859413424
710859413431
710859413448
710859413455
710859413462
710859413479
710859413493
710859413509
710859413523
710859413530
710859413547
710859413554
710859413561
710859413578
710859413585
710859413592
710859413608
710859413615
710859413622
710859413639
710859413653
710859413660
710859413677
710859413684
710859413691
710859413707
710859413714
710859413721
710859413738
710859413745
710859413752
710859413769
710859413783
710859413790
710859413806
710859413813
710859413820
710859413837
710859413844
710859413851
710859413868
710859413875
710859413882
710859413899
710859413912
710859413929
710859413943
710859413950
710859413967
710859413974
710859413981
710859413998
710859414001
710859414018
710859414025
710859414032
710859414049
710859414063
710859414070
710859414087
710859414094
710859414100
710859414117
710859414124
710859414131
710859414148
710859414155
710859414162
710859414179
710859414193
710859414209
710859414223
710859414230
710859414247
710859414254
710859414261
710859414278
710859414285
710859414292
710859414308
710859414315
710859414322
710859414339
710859414353
710859414360
710859414377
710859414384
710859414391
710859414407
710859414414
710859414421
710859414438
710859414445
710859414452
710859414469
710859414483
710859414490
710859414506
710859414513
710859414520
710859414537
710859414544
710859414551
710859414568
710859414575
710859414582
710859414599
710859414612
710859414629
710859414643
710859414650
710859414667
710859414674
710859414681
710859414698
710859414704
710859414711
710859414728
710859414735
710859414742
710859414759
710859414773
710859414780
710859414797
710859414803
710859414810
710859414827
710859414834
710859414841
710859414858
710859414865
710859414872
710859414889
710859414902
710859414919
710859414933
710859414940
710859414957
710859414964
710859414971
710859414988
710859414995
710859415008
710859415015
710859415022
710859415039
710859415053
710859415060
710859415077
710859415084
710859415091
710859415107
710859415114
710859415121
710859415138
710859415145
710859415152
710859415169
710859415183
710859415190
710859415206
710859415213
710859415220
710859415237
710859415244
710859415251
710859415268
710859415275
710859415282
710859415299
710859415312
710859415329
710859415343
710859415350
710859415367
710859415374
710859415381
710859415398
710859415404
710859415411
710859415428
710859415435
710859415442
710859415459
710859415473
710859415480
710859415497
710859415503
710859415510
710859415527
710859415534
710859415541
710859415558
710859415565
710859415572
710859415589
710859415602
710859415619
710859415633
710859415640
710859415657
710859415664
710859415671
710859415688
710859415695
710859415701
710859415718
710859415725
710859415732
710859415749
710859415763
710859415770
710859415787
710859415794
710859415800
710859415817
710859415824
710859415831
710859415848
710859415855
710859415862
710859415879
710859415893
710859415909
710859415923
710859415930
710859415947
710859415954
710859415961
710859415978
710859415985
710859415992
710859416005
710859416012
710859416029
710859416043
710859416050
710859416067
710859416074
710859416081
710859416098
710859416104
710859416111
710859416128
710859416135
710859416142
710859416159
710859416173
710859416180
710859416197
710859416203
710859416210
710859416227
710859416234
710859416241
710859416258
710859416265
710859416272
710859416289
710859416302
710859416319
710859416333
710859416340
710859416357
710859416364
710859416371
710859416388
710859416395
710859416401
710859416418
710859416425
710859416432
710859416449
710859416463
710859416470
710859416487
710859416494
710859416500
710859416517
710859416524
710859416531
710859416548
710859416555
710859416562
710859416579
710859416593
710859416609
710859416623
710859416630
710859416647
710859416654
710859416661
710859416678
710859416685
710859416692
710859416708
710859416715
710859416722
710859416739
710859416753
710859416760
710859416777
710859416784
710859416791
710859416807
710859416814
710859416821
710859416838
710859416845
710859416852
710859416869
710859416883
710859416890
710859416906
710859416913
710859416920
710859416937
710859416944
710859416951
710859416968
710859416975
710859416982
710859416999
710859417019
710859417033
710859417040
710859417057
710859417064
710859417071
710859417088
710859417095
710859417101
710859417118
710859417125
710859417132
710859417149
710859417163
710859417170
710859417187
710859417194
710859417200
710859417217
710859417224
710859417231
710859417248
710859417255
710859417262
710859417279
710859417293
710859417309
710859417323
710859417330
710859417347
710859417354
710859417361
710859417378
710859417385
710859417392
710859417408
710859417415
710859417422
710859417439
710859417453
710859417460
710859417477
710859417484
710859417491
710859417507
710859417514
710859417521
710859417538
710859417545
710859417552
710859417569
710859417583
710859417590
710859417606
710859417613
710859417620
710859417637
710859417644
710859417651
710859417668
710859417675
710859417682
710859417699
710859417712
710859417729
710859417743
710859417750
710859417767
710859417774
710859417781
710859417798
710859417804
710859417811
710859417828
710859417835
710859417842
710859417859
710859417873
710859417880
710859417897
710859417903
710859417910
710859417927
710859417934
710859417941
710859417958
710859417965
710859417972
710859417989
710859418009
710859418023
710859418030
710859418047
710859418054
710859418061
710859418078
710859418085
710859418092
710859418108
710859418115
710859418122
710859418139
710859418153
710859418160
710859418177
710859418184
710859418191
710859418207
710859418214
710859418221
710859418238
710859418245
710859418252
710859418269
710859418283
710859418290
710859418306
710859418313
710859418320
710859418337
710859418344
710859418351
710859418368
710859418375
710859418382
710859418399
710859418412
710859418429
710859418443
710859418450
710859418467
710859418474
710859418481
710859418498
710859418504
710859418511
710859418528
710859418535
710859418542
710859418559
710859418573
710859418580
710859418597
710859418603
710859418610
710859418627
710859418634
710859418641
710859418658
710859418665
710859418672
710859418689
710859418702
710859418719
710859418733
710859418740
710859418757
710859418764
710859418771
710859418788
710859418795
710859418801
710859418818
710859418825
710859418832
710859418849
710859418863
710859418870
710859418887
710859418894
710859418900
710859418917
710859418924
710859418931
710859418948
710859418955
710859418962
710859418979
710859418993
710859419006
710859419013
710859419020
710859419037
710859419044
710859419051
710859419068
710859419075
710859419082
710859419099
710859419112
710859419129
710859419143
710859419150
710859419167
710859419174
710859419181
710859419198
710859419204
710859419211
710859419228
710859419235
710859419242
710859419259
710859419273
710859419280
710859419297
710859419303
710859419310
710859419327
710859419334
710859419341
710859419358
710859419365
710859419372
710859419389
710859419402
710859419419
710859419433
710859419440
710859419457
710859419464
710859419471
710859419488
710859419495
710859419501
710859419518
710859419525
710859419532
710859419549
710859419563
710859419570
710859419587
710859419594
710859419600
710859419617
710859419624
710859419631
710859419648
710859419655
710859419662
710859419679
710859419693
710859419709
710859419723
710859419730
710859419747
710859419754
710859419761
710859419778
710859419785
710859419792
710859419808
710859419815
710859419822
710859419839
710859419853
710859419860
710859419877
710859419884
710859419891
710859419907
710859419914
710859419921
710859419938
710859419945
710859419952
710859419969
710859419983
710859419990
710859420002
710859420019
710859420033
710859420040
710859420057
710859420064
710859420071
710859420088
710859420095
710859420101
710859420118
710859420125
710859420132
710859420149
710859420163
710859420170
710859420187
710859420194
710859420200
710859420217
710859420224
710859420231
710859420248
710859420255
710859420262
710859420279
710859420293
710859420309
710859420323
710859420330
710859420347
710859420354
710859420361
710859420378
710859420385
710859420392
710859420408
710859420415
710859420422
710859420439
710859420453
710859420460
710859420477
710859420484
710859420491
710859420507
710859420514
710859420521
710859420538
710859420545
710859420552
710859420569
710859420583
710859420590
710859420606
710859420613
710859420620
710859420637
710859420644
710859420651
710859420668
710859420675
710859420682
710859420699
710859420712
710859420729
710859420743
710859420750
710859420767
710859420774
710859420781
710859420798
710859420804
710859420811
710859420828
710859420835
710859420842
710859420859
710859420873
710859420880
710859420897
710859420903
710859420910
710859420927
710859420934
710859420941
710859420958
710859420965
710859420972
710859420989
710859421009
710859421023
710859421030
710859421047
710859421054
710859421061
710859421078
710859421085
710859421092
710859421108
710859421115
710859421122
710859421139
710859421153
710859421160
710859421177
710859421184
710859421191
710859421207
710859421214
710859421221
710859421238
710859421245
710859421252
710859421269
710859421283
710859421290
710859421306
710859421313
710859421320
710859421337
710859421344
710859421351
710859421368
710859421375
710859421382
710859421399
710859421412
710859421429
710859421443
710859421450
710859421467
710859421474
710859421481
710859421498
710859421504
710859421511
710859421528
710859421535
710859421542
710859421559
710859421573
710859421580
710859421597
710859421603
710859421610
710859421627
710859421634
710859421641
710859421658
710859421665
710859421672
710859421689
710859421702
710859421719
710859421733
710859421740
710859421757
710859421764
710859421771
710859421788
710859421795
710859421801
710859421818
710859421825
710859421832
710859421849
710859421863
710859421870
710859421887
710859421894
710859421900
710859421917
710859421924
710859421931
710859421948
710859421955
710859421962
710859421979
710859421993
710859422006
710859422013
710859422020
710859422037
710859422044
710859422051
710859422068
710859422075
710859422082
710859422099
710859422112
710859422129
710859422143
710859422150
710859422167
710859422174
710859422181
710859422198
710859422204
710859422211
710859422228
710859422235
710859422242
710859422259
710859422273
710859422280
710859422297
710859422303
710859422310
710859422327
710859422334
710859422341
710859422358
710859422365
710859422372
710859422389
710859422402
710859422419
710859422433
710859422440
710859422457
710859422464
710859422471
710859422488
710859422495
710859422501
710859422518
710859422525
710859422532
710859422549
710859422563
710859422570
710859422587
710859422594
710859422600
710859422617
710859422624
710859422631
710859422648
710859422655
710859422662
710859422679
710859422693
710859422709
710859422723
710859422730
710859422747
710859422754
710859422761
710859422778
710859422785
710859422792
710859422808
710859422815
710859422822
710859422839
710859422853
710859422860
710859422877
710859422884
710859422891
710859422907
710859422914
710859422921
710859422938
710859422945
710859422952
710859422969
710859422983
710859422990
710859423003
710859423010
710859423027
710859423034
710859423041
710859423058
710859423065
710859423072
710859423089
710859423102
710859423119
710859423133
710859423140
710859423157
710859423164
710859423171
710859423188
710859423195
710859423201
710859423218
710859423225
710859423232
710859423249
710859423263
710859423270
710859423287
710859423294
710859423300
710859423317
710859423324
710859423331
710859423348
710859423355
710859423362
710859423379
710859423393
710859423409
710859423423
710859423430
710859423447
710859423454
710859423461
710859423478
710859423485
710859423492
710859423508
710859423515
710859423522
710859423539
710859423553
710859423560
710859423577
710859423584
710859423591
710859423607
710859423614
710859423621
710859423638
710859423645
710859423652
710859423669
710859423683
710859423690
710859423706
710859423713
710859423720
710859423737
710859423744
710859423751
710859423768
710859423775
710859423782
710859423799
710859423812
710859423829
710859423843
710859423850
710859423867
710859423874
710859423881
710859423898
710859423904
710859423911
710859423928
710859423935
710859423942
710859423959
710859423973
710859423980
710859423997
710859424000
710859424017
710859424024
710859424031
710859424048
710859424055
710859424062
710859424079
710859424093
710859424109
710859424123
710859424130
710859424147
710859424154
710859424161
710859424178
710859424185
710859424192
710859424208
710859424215
710859424222
710859424239
710859424253
710859424260
710859424277
710859424284
710859424291
710859424307
710859424314
710859424321
710859424338
710859424345
710859424352
710859424369
710859424383
710859424390
710859424406
710859424413
710859424420
710859424437
710859424444
710859424451
710859424468
710859424475
710859424482
710859424499
710859424512
710859424529
710859424543
710859424550
710859424567
710859424574
710859424581
710859424598
710859424604
710859424611
710859424628
710859424635
710859424642
710859424659
710859424673
710859424680
710859424697
710859424703
710859424710
710859424727
710859424734
710859424741
710859424758
710859424765
710859424772
710859424789
710859424802
710859424819
710859424833
710859424840
710859424857
710859424864
710859424871
710859424888
710859424895
710859424901
710859424918
710859424925
710859424932
710859424949
710859424963
710859424970
710859424987
710859424994
710859425007
710859425014
710859425021
710859425038
710859425045
710859425052
710859425069
710859425083
710859425090
710859425106
710859425113
710859425120
710859425137
710859425144
710859425151
710859425168
710859425175
710859425182
710859425199
710859425212
710859425229
710859425243
710859425250
710859425267
710859425274
710859425281
710859425298
710859425304
710859425311
710859425328
710859425335
710859425342
710859425359
710859425373
710859425380
710859425397
710859425403
710859425410
710859425427
710859425434
710859425441
710859425458
710859425465
710859425472
710859425489
710859425502
710859425519
710859425533
710859425540
710859425557
710859425564
710859425571
710859425588
710859425595
710859425601
710859425618
710859425625
710859425632
710859425649
710859425663
710859425670
710859425687
710859425694
710859425700
710859425717
710859425724
710859425731
710859425748
710859425755
710859425762
710859425779
710859425793
710859425809
710859425823
710859425830
710859425847
710859425854
710859425861
710859425878
710859425885
710859425892
710859425908
710859425915
710859425922
710859425939
710859425953
710859425960
710859425977
710859425984
710859425991
710859426004
710859426011
710859426028
710859426035
710859426042
710859426059
710859426073
710859426080
710859426097
710859426103
710859426110
710859426127
710859426134
710859426141
710859426158
710859426165
710859426172
710859426189
710859426202
710859426219
710859426233
710859426240
710859426257
710859426264
710859426271
710859426288
710859426295
710859426301
710859426318
710859426325
710859426332
710859426349
710859426363
710859426370
710859426387
710859426394
710859426400
710859426417
710859426424
710859426431
710859426448
710859426455
710859426462
710859426479
710859426493
710859426509
710859426523
710859426530
710859426547
710859426554
710859426561
710859426578
710859426585
710859426592
710859426608
710859426615
710859426622
710859426639
710859426653
710859426660
710859426677
710859426684
710859426691
710859426707
710859426714
710859426721
710859426738
710859426745
710859426752
710859426769
710859426783
710859426790
710859426806
710859426813
710859426820
710859426837
710859426844
710859426851
710859426868
710859426875
710859426882
710859426899
710859426912
710859426929
710859426943
710859426950
710859426967
710859426974
710859426981
710859426998
710859427001
710859427018
710859427025
710859427032
710859427049
710859427063
710859427070
710859427087
710859427094
710859427100
710859427117
710859427124
710859427131
710859427148
710859427155
710859427162
710859427179
710859427193
710859427209
710859427223
710859427230
710859427247
710859427254
710859427261
710859427278
710859427285
710859427292
710859427308
710859427315
710859427322
710859427339
710859427353
710859427360
710859427377
710859427384
710859427391
710859427407
710859427414
710859427421
710859427438
710859427445
710859427452
710859427469
710859427483
710859427490
710859427506
710859427513
710859427520
710859427537
710859427544
710859427551
710859427568
710859427575
710859427582
710859427599
710859427612
710859427629
710859427643
710859427650
710859427667
710859427674
710859427681
710859427698
710859427704
710859427711
710859427728
710859427735
710859427742
710859427759
710859427773
710859427780
710859427797
710859427803
710859427810
710859427827
710859427834
710859427841
710859427858
710859427865
710859427872
710859427889
710859427902
710859427919
710859427933
710859427940
710859427957
710859427964
710859427971
710859427988
710859427995
710859428008
710859428015
710859428022
710859428039
710859428053
710859428060
710859428077
710859428084
710859428091
710859428107
710859428114
710859428121
710859428138
710859428145
710859428152
710859428169
710859428183
710859428190
710859428206
710859428213
710859428220
710859428237
710859428244
710859428251
710859428268
710859428275
710859428282
710859428299
710859428312
710859428329
710859428343
710859428350
710859428367
710859428374
710859428381
710859428398
710859428404
710859428411
710859428428
710859428435
710859428442
710859428459
710859428473
710859428480
710859428497
710859428503
710859428510
710859428527
710859428534
710859428541
710859428558
710859428565
710859428572
710859428589
710859428602
710859428619
710859428633
710859428640
710859428657
710859428664
710859428671
710859428688
710859428695
710859428701
710859428718
710859428725
710859428732
710859428749
710859428763
710859428770
710859428787
710859428794
710859428800
710859428817
710859428824
710859428831
710859428848
710859428855
710859428862
710859428879
710859428893
710859428909
710859428923
710859428930
710859428947
710859428954
710859428961
710859428978
710859428985
710859428992
710859429005
710859429012
710859429029
710859429043
710859429050
710859429067
710859429074
710859429081
710859429098
710859429104
710859429111
710859429128
710859429135
710859429142
710859429159
710859429173
710859429180
710859429197
710859429203
710859429210
710859429227
710859429234
710859429241
710859429258
710859429265
710859429272
710859429289
710859429302
710859429319
710859429333
710859429340
710859429357
710859429364
710859429371
710859429388
710859429395
710859429401
710859429418
710859429425
710859429432
710859429449
710859429463
710859429470
710859429487
710859429494
710859429500
710859429517
710859429524
710859429531
710859429548
710859429555
710859429562
710859429579
710859429593
710859429609
710859429623
710859429630
710859429647
710859429654
710859429661
710859429678
710859429685
710859429692
710859429708
710859429715
710859429722
710859429739
710859429753
710859429760
710859429777
710859429784
710859429791
710859429807
710859429814
710859429821
710859429838
710859429845
710859429852
710859429869
710859429883
710859429890
710859429906
710859429913
710859429920
710859429937
710859429944
710859429951
710859429968
710859429975
710859429982
710859429999
710859430018
710859430025
710859430032
710859430049
710859430063
710859430070
710859430087
710859430094
710859430100
710859430117
710859430124
710859430131
710859430148
710859430155
710859430162
710859430179
710859430193
710859430209
710859430223
710859430230
710859430247
710859430254
710859430261
710859430278
710859430285
710859430292
710859430308
710859430315
710859430322
710859430339
710859430353
710859430360
710859430377
710859430384
710859430391
710859430407
710859430414
710859430421
710859430438
710859430445
710859430452
710859430469
710859430483
710859430490
710859430506
710859430513
710859430520
710859430537
710859430544
710859430551
710859430568
710859430575
710859430582
710859430599
710859430612
710859430629
710859430643
710859430650
710859430667
710859430674
710859430681
710859430698
710859430704
710859430711
710859430728
710859430735
710859430742
710859430759
710859430773
710859430780
710859430797
710859430803
710859430810
710859430827
710859430834
710859430841
710859430858
710859430865
710859430872
710859430889
710859430902
710859430919
710859430933
710859430940
710859430957
710859430964
710859430971
710859430988
710859430995
710859431008
710859431015
710859431022
710859431039
710859431053
710859431060
710859431077
710859431084
710859431091
710859431107
710859431114
710859431121
710859431138
710859431145
710859431152
710859431169
710859431183
710859431190
710859431206
710859431213
710859431220
710859431237
710859431244
710859431251
710859431268
710859431275
710859431282
710859431299
710859431312
710859431329
710859431343
710859431350
710859431367
710859431374
710859431381
710859431398
710859431404
710859431411
710859431428
710859431435
710859431442
710859431459
710859431473
710859431480
710859431497
710859431503
710859431510
710859431527
710859431534
710859431541
710859431558
710859431565
710859431572
710859431589
710859431602
710859431619
710859431633
710859431640
710859431657
710859431664
710859431671
710859431688
710859431695
710859431701
710859431718
710859431725
710859431732
710859431749
710859431763
710859431770
710859431787
710859431794
710859431800
710859431817
710859431824
710859431831
710859431848
710859431855
710859431862
710859431879
710859431893
710859431909
710859431923
710859431930
710859431947
710859431954
710859431961
710859431978
710859431985
710859431992
710859432005
710859432012
710859432029
710859432043
710859432050
710859432067
710859432074
710859432081
710859432098
710859432104
710859432111
710859432128
710859432135
710859432142
710859432159
710859432173
710859432180
710859432197
710859432203
710859432210
710859432227
710859432234
710859432241
710859432258
710859432265
710859432272
710859432289
710859432302
710859432319
710859432333
710859432340
710859432357
710859432364
710859432371
710859432388
710859432395
710859432401
710859432418
710859432425
710859432432
710859432449
710859432463
710859432470
710859432487
710859432494
710859432500
710859432517
710859432524
710859432531
710859432548
710859432555
710859432562
710859432579
710859432593
710859432609
710859432623
710859432630
710859432647
710859432654
710859432661
710859432678
710859432685
710859432692
710859432708
710859432715
710859432722
710859432739
710859432753
710859432760
710859432777
710859432784
710859432791
710859432807
710859432814
710859432821
710859432838
710859432845
710859432852
710859432869
710859432883
710859432890
710859432906
710859432913
710859432920
710859432937
710859432944
710859432951
710859432968
710859432975
710859432982
710859432999
710859433019
710859433033
710859433040
710859433057
710859433064
710859433071
710859433088
710859433095
710859433101
710859433118
710859433125
710859433132
710859433149
710859433163
710859433170
710859433187
710859433194
710859433200
710859433217
710859433224
710859433231
710859433248
710859433255
710859433262
710859433279
710859433293
710859433309
710859433323
710859433330
710859433347
710859433354
710859433361
710859433378
710859433385
710859433392
710859433408
710859433415
710859433422
710859433439
710859433453
710859433460
710859433477
710859433484
710859433491
710859433507
710859433514
710859433521
710859433538
710859433545
710859433552
710859433569
710859433583
710859433590
710859433606
710859433613
710859433620
710859433637
710859433644
710859433651
710859433668
710859433675
710859433682
710859433699
710859433712
710859433729
710859433743
710859433750
710859433767
710859433774
710859433781
710859433798
710859433804
710859433811
710859433828
710859433835
710859433842
710859433859
710859433873
710859433880
710859433897
710859433903
710859433910
710859433927
710859433934
710859433941
710859433958
710859433965
710859433972
710859433989
710859434009
710859434023
710859434030
710859434047
710859434054
710859434061
710859434078
710859434085
710859434092
710859434108
710859434115
710859434122
710859434139
710859434153
710859434160
710859434177
710859434184
710859434191
710859434207
710859434214
710859434221
710859434238
710859434245
710859434252
710859434269
710859434283
710859434290
710859434306
710859434313
710859434320
710859434337
710859434344
710859434351
710859434368
710859434375
710859434382
710859434399
710859434412
710859434429
710859434443
710859434450
710859434467
710859434474
710859434481
710859434498
710859434504
710859434511
710859434528
710859434535
710859434542
710859434559
710859434573
710859434580
710859434597
710859434603
710859434610
710859434627
710859434634
710859434641
710859434658
710859434665
710859434672
710859434689
710859434702
710859434719
710859434733
710859434740
710859434757
710859434764
710859434771
710859434788
710859434795
710859434801
710859434818
710859434825
710859434832
710859434849
710859434863
710859434870
710859434887
710859434894
710859434900
710859434917
710859434924
710859434931
710859434948
710859434955
710859434962
710859434979
710859434993
710859435006
710859435013
710859435020
710859435037
710859435044
710859435051
710859435068
710859435075
710859435082
710859435099
710859435112
710859435129
710859435143
710859435150
710859435167
710859435174
710859435181
710859435198
710859435204
710859435211
710859435228
710859435235
710859435242
710859435259
710859435273
710859435280
710859435297
710859435303
710859435310
710859435327
710859435334
710859435341
710859435358
710859435365
710859435372
710859435389
710859435402
710859435419
710859435433
710859435440
710859435457
710859435464
710859435471
710859435488
710859435495
710859435501
710859435518
710859435525
710859435532
710859435549
710859435563
710859435570
710859435587
710859435594
710859435600
710859435617
710859435624
710859435631
710859435648
710859435655
710859435662
710859435679
710859435693
710859435709
710859435723
710859435730
710859435747
710859435754
710859435761
710859435778
710859435785
710859435792
710859435808
710859435815
710859435822
710859435839
710859435853
710859435860
710859435877
710859435884
710859435891
710859435907
710859435914
710859435921
710859435938
710859435945
710859435952
710859435969
710859435983
710859435990
710859436003
710859436010
710859436027
710859436034
710859436041
710859436058
710859436065
710859436072
710859436089
710859436102
710859436119
710859436133
710859436140
710859436157
710859436164
710859436171
710859436188
710859436195
710859436201
710859436218
710859436225
710859436232
710859436249
710859436263
710859436270
710859436287
710859436294
710859436300
710859436317
710859436324
710859436331
710859436348
710859436355
710859436362
710859436379
710859436393
710859436409
710859436423
710859436430
710859436447
710859436454
710859436461
710859436478
710859436485
710859436492
710859436508
710859436515
710859436522
710859436539
710859436553
710859436560
710859436577
710859436584
710859436591
710859436607
710859436614
710859436621
710859436638
710859436645
710859436652
710859436669
710859436683
710859436690
710859436706
710859436713
710859436720
710859436737
710859436744
710859436751
710859436768
710859436775
710859436782
710859436799
710859436812
710859436829
710859436843
710859436850
710859436867
710859436874
710859436881
710859436898
710859436904
710859436911
710859436928
710859436935
710859436942
710859436959
710859436973
710859436980
710859436997
710859437000
710859437017
710859437024
710859437031
710859437048
710859437055
710859437062
710859437079
710859437093
710859437109
710859437123
710859437130
710859437147
710859437154
710859437161
710859437178
710859437185
710859437192
710859437208
710859437215
710859437222
710859437239
710859437253
710859437260
710859437277
710859437284
710859437291
710859437307
710859437314
710859437321
710859437338
710859437345
710859437352
710859437369
710859437383
710859437390
710859437406
710859437413
710859437420
710859437437
710859437444
710859437451
710859437468
710859437475
710859437482
710859437499
710859437512
710859437529
710859437543
710859437550
710859437567
710859437574
710859437581
710859437598
710859437604
710859437611
710859437628
710859437635
710859437642
710859437659
710859437673
710859437680
710859437697
710859437703
710859437710
710859437727
710859437734
710859437741
710859437758
710859437765
710859437772
710859437789
710859437802
710859437819
710859437833
710859437840
710859437857
710859437864
710859437871
710859437888
710859437895
710859437901
710859437918
710859437925
710859437932
710859437949
710859437963
710859437970
710859437987
710859437994
710859438007
710859438014
710859438021
710859438038
710859438045
710859438052
710859438069
710859438083
710859438090
710859438106
710859438113
710859438120
710859438137
710859438144
710859438151
710859438168
710859438175
710859438182
710859438199
710859438212
710859438229
710859438243
710859438250
710859438267
710859438274
710859438281
710859438298
710859438304
710859438311
710859438328
710859438335
710859438342
710859438359
710859438373
710859438380
710859438397
710859438403
710859438410
710859438427
710859438434
710859438441
710859438458
710859438465
710859438472
710859438489
710859438502
710859438519
710859438533
710859438540
710859438557
710859438564
710859438571
710859438588
710859438595
710859438601
710859438618
710859438625
710859438632
710859438649
710859438663
710859438670
710859438687
710859438694
710859438700
710859438717
710859438724
710859438731
710859438748
710859438755
710859438762
710859438779
710859438793
710859438809
710859438823
710859438830
710859438847
710859438854
710859438861
710859438878
710859438885
710859438892
710859438908
710859438915
710859438922
710859438939
710859438953
710859438960
710859438977
710859438984
710859438991
710859439004
710859439011
710859439028
710859439035
710859439042
710859439059
710859439073
710859439080
710859439097
710859439103
710859439110
710859439127
710859439134
710859439141
710859439158
710859439165
710859439172
710859439189
710859439202
710859439219
710859439233
710859439240
710859439257
710859439264
710859439271
710859439288
710859439295
710859439301
710859439318
710859439325
710859439332
710859439349
710859439363
710859439370
710859439387
710859439394
710859439400
710859439417
710859439424
710859439431
710859439448
710859439455
710859439462
710859439479
710859439493
710859439509
710859439523
710859439530
710859439547
710859439554
710859439561
710859439578
710859439585
710859439592
710859439608
710859439615
710859439622
710859439639
710859439653
710859439660
710859439677
710859439684
710859439691
710859439707
710859439714
710859439721
710859439738
710859439745
710859439752
710859439769
710859439783
710859439790
710859439806
710859439813
710859439820
710859439837
710859439844
710859439851
710859439868
710859439875
710859439882
710859439899
710859439912
710859439929
710859439943
710859439950
710859439967
710859439974
710859439981
710859439998
710859440000
710859440017
710859440024
710859440031
710859440048
710859440055
710859440062
710859440079
710859440093
710859440109
710859440123
710859440130
710859440147
710859440154
710859440161
710859440178
710859440185
710859440192
710859440208
710859440215
710859440222
710859440239
710859440253
710859440260
710859440277
710859440284
710859440291
710859440307
710859440314
710859440321
710859440338
710859440345
710859440352
710859440369
710859440383
710859440390
710859440406
710859440413
710859440420
710859440437
710859440444
710859440451
710859440468
710859440475
710859440482
710859440499
710859440512
710859440529
710859440543
710859440550
710859440567
710859440574
710859440581
710859440598
710859440604
710859440611
710859440628
710859440635
710859440642
710859440659
710859440673
710859440680
710859440697
710859440703
710859440710
710859440727
710859440734
710859440741
710859440758
710859440765
710859440772
710859440789
710859440802
710859440819
710859440833
710859440840
710859440857
710859440864
710859440871
710859440888
710859440895
710859440901
710859440918
710859440925
710859440932
710859440949
710859440963
710859440970
710859440987
710859440994
710859441007
710859441014
710859441021
710859441038
710859441045
710859441052
710859441069
710859441083
710859441090
710859441106
710859441113
710859441120
710859441137
710859441144
710859441151
710859441168
710859441175
710859441182
710859441199
710859441212
710859441229
710859441243
710859441250
710859441267
710859441274
710859441281
710859441298
710859441304
710859441311
710859441328
710859441335
710859441342
710859441359
710859441373
710859441380
710859441397
710859441403
710859441410
710859441427
710859441434
710859441441
710859441458
710859441465
710859441472
710859441489
710859441502
710859441519
710859441533
710859441540
710859441557
710859441564
710859441571
710859441588
710859441595
710859441601
710859441618
710859441625
710859441632
710859441649
710859441663
710859441670
710859441687
710859441694
710859441700
710859441717
710859441724
710859441731
710859441748
710859441755
710859441762
710859441779
710859441793
710859441809
710859441823
710859441830
710859441847
710859441854
710859441861
710859441878
710859441885
710859441892
710859441908
710859441915
710859441922
710859441939
710859441953
710859441960
710859441977
710859441984
710859441991
710859442004
710859442011
710859442028
710859442035
710859442042
710859442059
710859442073
710859442080
710859442097
710859442103
710859442110
710859442127
710859442134
710859442141
710859442158
710859442165
710859442172
710859442189
710859442202
710859442219
710859442233
710859442240
710859442257
710859442264
710859442271
710859442288
710859442295
710859442301
710859442318
710859442325
710859442332
710859442349
710859442363
710859442370
710859442387
710859442394
710859442400
710859442417
710859442424
710859442431
710859442448
710859442455
710859442462
710859442479
710859442493
710859442509
710859442523
710859442530
710859442547
710859442554
710859442561
710859442578
710859442585
710859442592
710859442608
710859442615
710859442622
710859442639
710859442653
710859442660
710859442677
710859442684
710859442691
710859442707
710859442714
710859442721
710859442738
710859442745
710859442752
710859442769
710859442783
710859442790
710859442806
710859442813
710859442820
710859442837
710859442844
710859442851
710859442868
710859442875
710859442882
710859442899
710859442912
710859442929
710859442943
710859442950
710859442967
710859442974
710859442981
710859442998
710859443001
710859443018
710859443025
710859443032
710859443049
710859443063
710859443070
710859443087
710859443094
710859443100
710859443117
710859443124
710859443131
710859443148
710859443155
710859443162
710859443179
710859443193
710859443209
710859443223
710859443230
710859443247
710859443254
710859443261
710859443278
710859443285
710859443292
710859443308
710859443315
710859443322
710859443339
710859443353
710859443360
710859443377
710859443384
710859443391
710859443407
710859443414
710859443421
710859443438
710859443445
710859443452
710859443469
710859443483
710859443490
710859443506
710859443513
710859443520
710859443537
710859443544
710859443551
710859443568
710859443575
710859443582
710859443599
710859443612
710859443629
710859443643
710859443650
710859443667
710859443674
710859443681
710859443698
710859443704
710859443711
710859443728
710859443735
710859443742
710859443759
710859443773
710859443780
710859443797
710859443803
710859443810
710859443827
710859443834
710859443841
710859443858
710859443865
710859443872
710859443889
710859443902
710859443919
710859443933
710859443940
710859443957
710859443964
710859443971
710859443988
710859443995
710859444008
710859444015
710859444022
710859444039
710859444053
710859444060
710859444077
710859444084
710859444091
710859444107
710859444114
710859444121
710859444138
710859444145
710859444152
710859444169
710859444183
710859444190
710859444206
710859444213
710859444220
710859444237
710859444244
710859444251
710859444268
710859444275
710859444282
710859444299
710859444312
710859444329
710859444343
710859444350
710859444367
710859444374
710859444381
710859444398
710859444404
710859444411
710859444428
710859444435
710859444442
710859444459
710859444473
710859444480
710859444497
710859444503
710859444510
710859444527
710859444534
710859444541
710859444558
710859444565
710859444572
710859444589
710859444602
710859444619
710859444633
710859444640
710859444657
710859444664
710859444671
710859444688
710859444695
710859444701
710859444718
710859444725
710859444732
710859444749
710859444763
710859444770
710859444787
710859444794
710859444800
710859444817
710859444824
710859444831
710859444848
710859444855
710859444862
710859444879
710859444893
710859444909
710859444923
710859444930
710859444947
710859444954
710859444961
710859444978
710859444985
710859444992
710859445005
710859445012
710859445029
710859445043
710859445050
710859445067
710859445074
710859445081
710859445098
710859445104
710859445111
710859445128
710859445135
710859445142
710859445159
710859445173
710859445180
710859445197
710859445203
710859445210
710859445227
710859445234
710859445241
710859445258
710859445265
710859445272
710859445289
710859445302
710859445319
710859445333
710859445340
710859445357
710859445364
710859445371
710859445388
710859445395
710859445401
710859445418
710859445425
710859445432
710859445449
710859445463
710859445470
710859445487
710859445494
710859445500
710859445517
710859445524
710859445531
710859445548
710859445555
710859445562
710859445579
710859445593
710859445609
710859445623
710859445630
710859445647
710859445654
710859445661
710859445678
710859445685
710859445692
710859445708
710859445715
710859445722
710859445739
710859445753
710859445760
710859445777
710859445784
710859445791
710859445807
710859445814
710859445821
710859445838
710859445845
710859445852
710859445869
710859445883
710859445890
710859445906
710859445913
710859445920
710859445937
710859445944
710859445951
710859445968
710859445975
710859445982
710859445999
710859446019
710859446033
710859446040
710859446057
710859446064
710859446071
710859446088
710859446095
710859446101
710859446118
710859446125
710859446132
710859446149
710859446163
710859446170
710859446187
710859446194
710859446200
710859446217
710859446224
710859446231
710859446248
710859446255
710859446262
710859446279
710859446293
710859446309
710859446323
710859446330
710859446347
710859446354
710859446361
710859446378
710859446385
710859446392
710859446408
710859446415
710859446422
710859446439
710859446453
710859446460
710859446477
710859446484
710859446491
710859446507
710859446514
710859446521
710859446538
710859446545
710859446552
710859446569
710859446583
710859446590
710859446606
710859446613
710859446620
710859446637
710859446644
710859446651
710859446668
710859446675
710859446682
710859446699
710859446712
710859446729
710859446743
710859446750
710859446767
710859446774
710859446781
710859446798
710859446804
710859446811
710859446828
710859446835
710859446842
710859446859
710859446873
710859446880
710859446897
710859446903
710859446910
710859446927
710859446934
710859446941
710859446958
710859446965
710859446972
710859446989
710859447009
710859447023
710859447030
710859447047
710859447054
710859447061
710859447078
710859447085
710859447092
710859447108
710859447115
710859447122
710859447139
710859447153
710859447160
710859447177
710859447184
710859447191
710859447207
710859447214
710859447221
710859447238
710859447245
710859447252
710859447269
710859447283
710859447290
710859447306
710859447313
710859447320
710859447337
710859447344
710859447351
710859447368
710859447375
710859447382
710859447399
710859447412
710859447429
710859447443
710859447450
710859447467
710859447474
710859447481
710859447498
710859447504
710859447511
710859447528
710859447535
710859447542
710859447559
710859447573
710859447580
710859447597
710859447603
710859447610
710859447627
710859447634
710859447641
710859447658
710859447665
710859447672
710859447689
710859447702
710859447719
710859447733
710859447740
710859447757
710859447764
710859447771
710859447788
710859447795
710859447801
710859447818
710859447825
710859447832
710859447849
710859447863
710859447870
710859447887
710859447894
710859447900
710859447917
710859447924
710859447931
710859447948
710859447955
710859447962
710859447979
710859447993
710859448006
710859448013
710859448020
710859448037
710859448044
710859448051
710859448068
710859448075
710859448082
710859448099
710859448112
710859448129
710859448143
710859448150
710859448167
710859448174
710859448181
710859448198
710859448204
710859448211
710859448228
710859448235
710859448242
710859448259
710859448273
710859448280
710859448297
710859448303
710859448310
710859448327
710859448334
710859448341
710859448358
710859448365
710859448372
710859448389
710859448402
710859448419
710859448433
710859448440
710859448457
710859448464
710859448471
710859448488
710859448495
710859448501
710859448518
710859448525
710859448532
710859448549
710859448563
710859448570
710859448587
710859448594
710859448600
710859448617
710859448624
710859448631
710859448648
710859448655
710859448662
710859448679
710859448693
710859448709
710859448723
710859448730
710859448747
710859448754
710859448761
710859448778
710859448785
710859448792
710859448808
710859448815
710859448822
710859448839
710859448853
710859448860
710859448877
710859448884
710859448891
710859448907
710859448914
710859448921
710859448938
710859448945
710859448952
710859448969
710859448983
710859448990
710859449003
710859449010
710859449027
710859449034
710859449041
710859449058
710859449065
710859449072
710859449089
710859449102
710859449119
710859449133
710859449140
710859449157
710859449164
710859449171
710859449188
710859449195
710859449201
710859449218
710859449225
710859449232
710859449249
710859449263
710859449270
710859449287
710859449294
710859449300
710859449317
710859449324
710859449331
710859449348
710859449355
710859449362
710859449379
710859449393
710859449409
710859449423
710859449430
710859449447
710859449454
710859449461
710859449478
710859449485
710859449492
710859449508
710859449515
710859449522
710859449539
710859449553
710859449560
710859449577
710859449584
710859449591
710859449607
710859449614
710859449621
710859449638
710859449645
710859449652
710859449669
710859449683
710859449690
710859449706
710859449713
710859449720
710859449737
710859449744
710859449751
710859449768
710859449775
710859449782
710859449799
710859449812
710859449829
710859449843
710859449850
710859449867
710859449874
710859449881
710859449898
710859449904
710859449911
710859449928
710859449935
710859449942
710859449959
710859449973
710859449980
710859449997
710859450009
710859450023
710859450030
710859450047
710859450054
710859450061
710859450078
710859450085
710859450092
710859450108
710859450115
710859450122
710859450139
710859450153
710859450160
710859450177
710859450184
710859450191
710859450207
710859450214
710859450221
710859450238
710859450245
710859450252
710859450269
710859450283
710859450290
710859450306
710859450313
710859450320
710859450337
710859450344
710859450351
710859450368
710859450375
710859450382
710859450399
710859450412
710859450429
710859450443
710859450450
710859450467
710859450474
710859450481
710859450498
710859450504
710859450511
710859450528
710859450535
710859450542
710859450559
710859450573
710859450580
710859450597
710859450603
710859450610
710859450627
710859450634
710859450641
710859450658
710859450665
710859450672
710859450689
710859450702
710859450719
710859450733
710859450740
710859450757
710859450764
710859450771
710859450788
710859450795
710859450801
710859450818
710859450825
710859450832
710859450849
710859450863
710859450870
710859450887
710859450894
710859450900
710859450917
710859450924
710859450931
710859450948
710859450955
710859450962
710859450979
710859450993
710859451006
710859451013
710859451020
710859451037
710859451044
710859451051
710859451068
710859451075
710859451082
710859451099
710859451112
710859451129
710859451143
710859451150
710859451167
710859451174
710859451181
710859451198
710859451204
710859451211
710859451228
710859451235
710859451242
710859451259
710859451273
710859451280
710859451297
710859451303
710859451310
710859451327
710859451334
710859451341
710859451358
710859451365
710859451372
710859451389
710859451402
710859451419
710859451433
710859451440
710859451457
710859451464
710859451471
710859451488
710859451495
710859451501
710859451518
710859451525
710859451532
710859451549
710859451563
710859451570
710859451587
710859451594
710859451600
710859451617
710859451624
710859451631
710859451648
710859451655
710859451662
710859451679
710859451693
710859451709
710859451723
710859451730
710859451747
710859451754
710859451761
710859451778
710859451785
710859451792
710859451808
710859451815
710859451822
710859451839
710859451853
710859451860
710859451877
710859451884
710859451891
710859451907
710859451914
710859451921
710859451938
710859451945
710859451952
710859451969
710859451983
710859451990
710859452003
710859452010
710859452027
710859452034
710859452041
710859452058
710859452065
710859452072
710859452089
710859452102
710859452119
710859452133
710859452140
710859452157
710859452164
710859452171
710859452188
710859452195
710859452201
710859452218
710859452225
710859452232
710859452249
710859452263
710859452270
710859452287
710859452294
710859452300
710859452317
710859452324
710859452331
710859452348
710859452355
710859452362
710859452379
710859452393
710859452409
710859452423
710859452430
710859452447
710859452454
710859452461
710859452478
710859452485
710859452492
710859452508
710859452515
710859452522
710859452539
710859452553
710859452560
710859452577
710859452584
710859452591
710859452607
710859452614
710859452621
710859452638
710859452645
710859452652
710859452669
710859452683
710859452690
710859452706
710859452713
710859452720
710859452737
710859452744
710859452751
710859452768
710859452775
710859452782
710859452799
710859452812
710859452829
710859452843
710859452850
710859452867
710859452874
710859452881
710859452898
710859452904
710859452911
710859452928
710859452935
710859452942
710859452959
710859452973
710859452980
710859452997
710859453000
710859453017
710859453024
710859453031
710859453048
710859453055
710859453062
710859453079
710859453093
710859453109
710859453123
710859453130
710859453147
710859453154
710859453161
710859453178
710859453185
710859453192
710859453208
710859453215
710859453222
710859453239
710859453253
710859453260
710859453277
710859453284
710859453291
710859453307
710859453314
710859453321
710859453338
710859453345
710859453352
710859453369
710859453383
710859453390
710859453406
710859453413
710859453420
710859453437
710859453444
710859453451
710859453468
710859453475
710859453482
710859453499
710859453512
710859453529
710859453543
710859453550
710859453567
710859453574
710859453581
710859453598
710859453604
710859453611
710859453628
710859453635
710859453642
710859453659
710859453673
710859453680
710859453697
710859453703
710859453710
710859453727
710859453734
710859453741
710859453758
710859453765
710859453772
710859453789
710859453802
710859453819
710859453833
710859453840
710859453857
710859453864
710859453871
710859453888
710859453895
710859453901
710859453918
710859453925
710859453932
710859453949
710859453963
710859453970
710859453987
710859453994
710859454007
710859454014
710859454021
710859454038
710859454045
710859454052
710859454069
710859454083
710859454090
710859454106
710859454113
710859454120
710859454137
710859454144
710859454151
710859454168
710859454175
710859454182
710859454199
710859454212
710859454229
710859454243
710859454250
710859454267
710859454274
710859454281
710859454298
710859454304
710859454311
710859454328
710859454335
710859454342
710859454359
710859454373
710859454380
710859454397
710859454403
710859454410
710859454427
710859454434
710859454441
710859454458
710859454465
710859454472
710859454489
710859454502
710859454519
710859454533
710859454540
710859454557
710859454564
710859454571
710859454588
710859454595
710859454601
710859454618
710859454625
710859454632
710859454649
710859454663
710859454670
710859454687
710859454694
710859454700
710859454717
710859454724
710859454731
710859454748
710859454755
710859454762
710859454779
710859454793
710859454809
710859454823
710859454830
710859454847
710859454854
710859454861
710859454878
710859454885
710859454892
710859454908
710859454915
710859454922
710859454939
710859454953
710859454960
710859454977
710859454984
710859454991
710859455004
710859455011
710859455028
710859455035
710859455042
710859455059
710859455073
710859455080
710859455097
710859455103
710859455110
710859455127
710859455134
710859455141
710859455158
710859455165
710859455172
710859455189
710859455202
710859455219
710859455233
710859455240
710859455257
710859455264
710859455271
710859455288
710859455295
710859455301
710859455318
710859455325
710859455332
710859455349
710859455363
710859455370
710859455387
710859455394
710859455400
710859455417
710859455424
710859455431
710859455448
710859455455
710859455462
710859455479
710859455493
710859455509
710859455523
710859455530
710859455547
710859455554
710859455561
710859455578
710859455585
710859455592
710859455608
710859455615
710859455622
710859455639
710859455653
710859455660
710859455677
710859455684
710859455691
710859455707
710859455714
710859455721
710859455738
710859455745
710859455752
710859455769
710859455783
710859455790
710859455806
710859455813
710859455820
710859455837
710859455844
710859455851
710859455868
710859455875
710859455882
710859455899
710859455912
710859455929
710859455943
710859455950
710859455967
710859455974
710859455981
710859455998
710859456001
710859456018
710859456025
710859456032
710859456049
710859456063
710859456070
710859456087
710859456094
710859456100
710859456117
710859456124
710859456131
710859456148
710859456155
710859456162
710859456179
710859456193
710859456209
710859456223
710859456230
710859456247
710859456254
710859456261
710859456278
710859456285
710859456292
710859456308
710859456315
710859456322
710859456339
710859456353
710859456360
710859456377
710859456384
710859456391
710859456407
710859456414
710859456421
710859456438
710859456445
710859456452
710859456469
710859456483
710859456490
710859456506
710859456513
710859456520
710859456537
710859456544
710859456551
710859456568
710859456575
710859456582
710859456599
710859456612
710859456629
710859456643
710859456650
710859456667
710859456674
710859456681
710859456698
710859456704
710859456711
710859456728
710859456735
710859456742
710859456759
710859456773
710859456780
710859456797
710859456803
710859456810
710859456827
710859456834
710859456841
710859456858
710859456865
710859456872
710859456889
710859456902
710859456919
710859456933
710859456940
710859456957
710859456964
710859456971
710859456988
710859456995
710859457008
710859457015
710859457022
710859457039
710859457053
710859457060
710859457077
710859457084
710859457091
710859457107
710859457114
710859457121
710859457138
710859457145
710859457152
710859457169
710859457183
710859457190
710859457206
710859457213
710859457220
710859457237
710859457244
710859457251
710859457268
710859457275
710859457282
710859457299
710859457312
710859457329
710859457343
710859457350
710859457367
710859457374
710859457381
710859457398
710859457404
710859457411
710859457428
710859457435
710859457442
710859457459
710859457473
710859457480
710859457497
710859457503
710859457510
710859457527
710859457534
710859457541
710859457558
710859457565
710859457572
710859457589
710859457602
710859457619
710859457633
710859457640
710859457657
710859457664
710859457671
710859457688
710859457695
710859457701
710859457718
710859457725
710859457732
710859457749
710859457763
710859457770
710859457787
710859457794
710859457800
710859457817
710859457824
710859457831
710859457848
710859457855
710859457862
710859457879
710859457893
710859457909
710859457923
710859457930
710859457947
710859457954
710859457961
710859457978
710859457985
710859457992
710859458005
710859458012
710859458029
710859458043
710859458050
710859458067
710859458074
710859458081
710859458098
710859458104
710859458111
710859458128
710859458135
710859458142
710859458159
710859458173
710859458180
710859458197
710859458203
710859458210
710859458227
710859458234
710859458241
710859458258
710859458265
710859458272
710859458289
710859458302
710859458319
710859458333
710859458340
710859458357
710859458364
710859458371
710859458388
710859458395
710859458401
710859458418
710859458425
710859458432
710859458449
710859458463
710859458470
710859458487
710859458494
710859458500
710859458517
710859458524
710859458531
710859458548
710859458555
710859458562
710859458579
710859458593
710859458609
710859458623
710859458630
710859458647
710859458654
710859458661
710859458678
710859458685
710859458692
710859458708
710859458715
710859458722
710859458739
710859458753
710859458760
710859458777
710859458784
710859458791
710859458807
710859458814
710859458821
710859458838
710859458845
710859458852
710859458869
710859458883
710859458890
710859458906
710859458913
710859458920
710859458937
710859458944
710859458951
710859458968
710859458975
710859458982
710859458999
710859459019
710859459033
710859459040
710859459057
710859459064
710859459071
710859459088
710859459095
710859459101
710859459118
710859459125
710859459132
710859459149
710859459163
710859459170
710859459187
710859459194
710859459200
710859459217
710859459224
710859459231
710859459248
710859459255
710859459262
710859459279
710859459293
710859459309
710859459323
710859459330
710859459347
710859459354
710859459361
710859459378
710859459385
710859459392
710859459408
710859459415
710859459422
710859459439
710859459453
710859459460
710859459477
710859459484
710859459491
710859459507
710859459514
710859459521
710859459538
710859459545
710859459552
710859459569
710859459583
710859459590
710859459606
710859459613
710859459620
710859459637
710859459644
710859459651
710859459668
710859459675
710859459682
710859459699
710859459712
710859459729
710859459743
710859459750
710859459767
710859459774
710859459781
710859459798
710859459804
710859459811
710859459828
710859459835
710859459842
710859459859
710859459873
710859459880
710859459897
710859459903
710859459910
710859459927
710859459934
710859459941
710859459958
710859459965
710859459972
710859459989
710859460008
710859460015
710859460022
710859460039
710859460053
710859460060
710859460077
710859460084
710859460091
710859460107
710859460114
710859460121
710859460138
710859460145
710859460152
710859460169
710859460183
710859460190
710859460206
710859460213
710859460220
710859460237
710859460244
710859460251
710859460268
710859460275
710859460282
710859460299
710859460312
710859460329
710859460343
710859460350
710859460367
710859460374
710859460381
710859460398
710859460404
710859460411
710859460428
710859460435
710859460442
710859460459
710859460473
710859460480
710859460497
710859460503
710859460510
710859460527
710859460534
710859460541
710859460558
710859460565
710859460572
710859460589
710859460602
710859460619
710859460633
710859460640
710859460657
710859460664
710859460671
710859460688
710859460695
710859460701
710859460718
710859460725
710859460732
710859460749
710859460763
710859460770
710859460787
710859460794
710859460800
710859460817
710859460824
710859460831
710859460848
710859460855
710859460862
710859460879
710859460893
710859460909
710859460923
710859460930
710859460947
710859460954
710859460961
710859460978
710859460985
710859460992
710859461005
710859461012
710859461029
710859461043
710859461050
710859461067
710859461074
710859461081
710859461098
710859461104
710859461111
710859461128
710859461135
710859461142
710859461159
710859461173
710859461180
710859461197
710859461203
710859461210
710859461227
710859461234
710859461241
710859461258
710859461265
710859461272
710859461289
710859461302
710859461319
710859461333
710859461340
710859461357
710859461364
710859461371
710859461388
710859461395
710859461401
710859461418
710859461425
710859461432
710859461449
710859461463
710859461470
710859461487
710859461494
710859461500
710859461517
710859461524
710859461531
710859461548
710859461555
710859461562
710859461579
710859461593
710859461609
710859461623
710859461630
710859461647
710859461654
710859461661
710859461678
710859461685
710859461692
710859461708
710859461715
710859461722
710859461739
710859461753
710859461760
710859461777
710859461784
710859461791
710859461807
710859461814
710859461821
710859461838
710859461845
710859461852
710859461869
710859461883
710859461890
710859461906
710859461913
710859461920
710859461937
710859461944
710859461951
710859461968
710859461975
710859461982
710859461999
710859462019
710859462033
710859462040
710859462057
710859462064
710859462071
710859462088
710859462095
710859462101
710859462118
710859462125
710859462132
710859462149
710859462163
710859462170
710859462187
710859462194
710859462200
710859462217
710859462224
710859462231
710859462248
710859462255
710859462262
710859462279
710859462293
710859462309
710859462323
710859462330
710859462347
710859462354
710859462361
710859462378
710859462385
710859462392
710859462408
710859462415
710859462422
710859462439
710859462453
710859462460
710859462477
710859462484
710859462491
710859462507
710859462514
710859462521
710859462538
710859462545
710859462552
710859462569
710859462583
710859462590
710859462606
710859462613
710859462620
710859462637
710859462644
710859462651
710859462668
710859462675
710859462682
710859462699
710859462712
710859462729
710859462743
710859462750
710859462767
710859462774
710859462781
710859462798
710859462804
710859462811
710859462828
710859462835
710859462842
710859462859
710859462873
710859462880
710859462897
710859462903
710859462910
710859462927
710859462934
710859462941
710859462958
710859462965
710859462972
710859462989
710859463009
710859463023
710859463030
710859463047
710859463054
710859463061
710859463078
710859463085
710859463092
710859463108
710859463115
710859463122
710859463139
710859463153
710859463160
710859463177
710859463184
710859463191
710859463207
710859463214
710859463221
710859463238
710859463245
710859463252
710859463269
710859463283
710859463290
710859463306
710859463313
710859463320
710859463337
710859463344
710859463351
710859463368
710859463375
710859463382
710859463399
710859463412
710859463429
710859463443
710859463450
710859463467
710859463474
710859463481
710859463498
710859463504
710859463511
710859463528
710859463535
710859463542
710859463559
710859463573
710859463580
710859463597
710859463603
710859463610
710859463627
710859463634
710859463641
710859463658
710859463665
710859463672
710859463689
710859463702
710859463719
710859463733
710859463740
710859463757
710859463764
710859463771
710859463788
710859463795
710859463801
710859463818
710859463825
710859463832
710859463849
710859463863
710859463870
710859463887
710859463894
710859463900
710859463917
710859463924
710859463931
710859463948
710859463955
710859463962
710859463979
710859463993
710859464006
710859464013
710859464020
710859464037
710859464044
710859464051
710859464068
710859464075
710859464082
710859464099
710859464112
710859464129
710859464143
710859464150
710859464167
710859464174
710859464181
710859464198
710859464204
710859464211
710859464228
710859464235
710859464242
710859464259
710859464273
710859464280
710859464297
710859464303
710859464310
710859464327
710859464334
710859464341
710859464358
710859464365
710859464372
710859464389
710859464402
710859464419
710859464433
710859464440
710859464457
710859464464
710859464471
710859464488
710859464495
710859464501
710859464518
710859464525
710859464532
710859464549
710859464563
710859464570
710859464587
710859464594
710859464600
710859464617
710859464624
710859464631
710859464648
710859464655
710859464662
710859464679
710859464693
710859464709
710859464723
710859464730
710859464747
710859464754
710859464761
710859464778
710859464785
710859464792
710859464808
710859464815
710859464822
710859464839
710859464853
710859464860
710859464877
710859464884
710859464891
710859464907
710859464914
710859464921
710859464938
710859464945
710859464952
710859464969
710859464983
710859464990
710859465003
710859465010
710859465027
710859465034
710859465041
710859465058
710859465065
710859465072
710859465089
710859465102
710859465119
710859465133
710859465140
710859465157
710859465164
710859465171
710859465188
710859465195
710859465201
710859465218
710859465225
710859465232
710859465249
710859465263
710859465270
710859465287
710859465294
710859465300
710859465317
710859465324
710859465331
710859465348
710859465355
710859465362
710859465379
710859465393
710859465409
710859465423
710859465430
710859465447
710859465454
710859465461
710859465478
710859465485
710859465492
710859465508
710859465515
710859465522
710859465539
710859465553
710859465560
710859465577
710859465584
710859465591
710859465607
710859465614
710859465621
710859465638
710859465645
710859465652
710859465669
710859465683
710859465690
710859465706
710859465713
710859465720
710859465737
710859465744
710859465751
710859465768
710859465775
710859465782
710859465799
710859465812
710859465829
710859465843
710859465850
710859465867
710859465874
710859465881
710859465898
710859465904
710859465911
710859465928
710859465935
710859465942
710859465959
710859465973
710859465980
710859465997
710859466000
710859466017
710859466024
710859466031
710859466048
710859466055
710859466062
710859466079
710859466093
710859466109
710859466123
710859466130
710859466147
710859466154
710859466161
710859466178
710859466185
710859466192
710859466208
710859466215
710859466222
710859466239
710859466253
710859466260
710859466277
710859466284
710859466291
710859466307
710859466314
710859466321
710859466338
710859466345
710859466352
710859466369
710859466383
710859466390
710859466406
710859466413
710859466420
710859466437
710859466444
710859466451
710859466468
710859466475
710859466482
710859466499
710859466512
710859466529
710859466543
710859466550
710859466567
710859466574
710859466581
710859466598
710859466604
710859466611
710859466628
710859466635
710859466642
710859466659
710859466673
710859466680
710859466697
710859466703
710859466710
710859466727
710859466734
710859466741
710859466758
710859466765
710859466772
710859466789
710859466802
710859466819
710859466833
710859466840
710859466857
710859466864
710859466871
710859466888
710859466895
710859466901
710859466918
710859466925
710859466932
710859466949
710859466963
710859466970
710859466987
710859466994
710859467007
710859467014
710859467021
710859467038
710859467045
710859467052
710859467069
710859467083
710859467090
710859467106
710859467113
710859467120
710859467137
710859467144
710859467151
710859467168
710859467175
710859467182
710859467199
710859467212
710859467229
710859467243
710859467250
710859467267
710859467274
710859467281
710859467298
710859467304
710859467311
710859467328
710859467335
710859467342
710859467359
710859467373
710859467380
710859467397
710859467403
710859467410
710859467427
710859467434
710859467441
710859467458
710859467465
710859467472
710859467489
710859467502
710859467519
710859467533
710859467540
710859467557
710859467564
710859467571
710859467588
710859467595
710859467601
710859467618
710859467625
710859467632
710859467649
710859467663
710859467670
710859467687
710859467694
710859467700
710859467717
710859467724
710859467731
710859467748
710859467755
710859467762
710859467779
710859467793
710859467809
710859467823
710859467830
710859467847
710859467854
710859467861
710859467878
710859467885
710859467892
710859467908
710859467915
710859467922
710859467939
710859467953
710859467960
710859467977
710859467984
710859467991
710859468004
710859468011
710859468028
710859468035
710859468042
710859468059
710859468073
710859468080
710859468097
710859468103
710859468110
710859468127
710859468134
710859468141
710859468158
710859468165
710859468172
710859468189
710859468202
710859468219
710859468233
710859468240
710859468257
710859468264
710859468271
710859468288
710859468295
710859468301
710859468318
710859468325
710859468332
710859468349
710859468363
710859468370
710859468387
710859468394
710859468400
710859468417
710859468424
710859468431
710859468448
710859468455
710859468462
710859468479
710859468493
710859468509
710859468523
710859468530
710859468547
710859468554
710859468561
710859468578
710859468585
710859468592
710859468608
710859468615
710859468622
710859468639
710859468653
710859468660
710859468677
710859468684
710859468691
710859468707
710859468714
710859468721
710859468738
710859468745
710859468752
710859468769
710859468783
710859468790
710859468806
710859468813
710859468820
710859468837
710859468844
710859468851
710859468868
710859468875
710859468882
710859468899
710859468912
710859468929
710859468943
710859468950
710859468967
710859468974
710859468981
710859468998
710859469001
710859469018
710859469025
710859469032
710859469049
710859469063
710859469070
710859469087
710859469094
710859469100
710859469117
710859469124
710859469131
710859469148
710859469155
710859469162
710859469179
710859469193
710859469209
710859469223
710859469230
710859469247
710859469254
710859469261
710859469278
710859469285
710859469292
710859469308
710859469315
710859469322
710859469339
710859469353
710859469360
710859469377
710859469384
710859469391
710859469407
710859469414
710859469421
710859469438
710859469445
710859469452
710859469469
710859469483
710859469490
710859469506
710859469513
710859469520
710859469537
710859469544
710859469551
710859469568
710859469575
710859469582
710859469599
710859469612
710859469629
710859469643
710859469650
710859469667
710859469674
710859469681
710859469698
710859469704
710859469711
710859469728
710859469735
710859469742
710859469759
710859469773
710859469780
710859469797
710859469803
710859469810
710859469827
710859469834
710859469841
710859469858
710859469865
710859469872
710859469889
710859469902
710859469919
710859469933
710859469940
710859469957
710859469964
710859469971
710859469988
710859469995
710859470007
710859470014
710859470021
710859470038
710859470045
710859470052
710859470069
710859470083
710859470090
710859470106
710859470113
710859470120
710859470137
710859470144
710859470151
710859470168
710859470175
710859470182
710859470199
710859470212
710859470229
710859470243
710859470250
710859470267
710859470274
710859470281
710859470298
710859470304
710859470311
710859470328
710859470335
710859470342
710859470359
710859470373
710859470380
710859470397
710859470403
710859470410
710859470427
710859470434
710859470441
710859470458
710859470465
710859470472
710859470489
710859470502
710859470519
710859470533
710859470540
710859470557
710859470564
710859470571
710859470588
710859470595
710859470601
710859470618
710859470625
710859470632
710859470649
710859470663
710859470670
710859470687
710859470694
710859470700
710859470717
710859470724
710859470731
710859470748
710859470755
710859470762
710859470779
710859470793
710859470809
710859470823
710859470830
710859470847
710859470854
710859470861
710859470878
710859470885
710859470892
710859470908
710859470915
710859470922
710859470939
710859470953
710859470960
710859470977
710859470984
710859470991
710859471004
710859471011
710859471028
710859471035
710859471042
710859471059
710859471073
710859471080
710859471097
710859471103
710859471110
710859471127
710859471134
710859471141
710859471158
710859471165
710859471172
710859471189
710859471202
710859471219
710859471233
710859471240
710859471257
710859471264
710859471271
710859471288
710859471295
710859471301
710859471318
710859471325
710859471332
710859471349
710859471363
710859471370
710859471387
710859471394
710859471400
710859471417
710859471424
710859471431
710859471448
710859471455
710859471462
710859471479
710859471493
710859471509
710859471523
710859471530
710859471547
710859471554
710859471561
710859471578
710859471585
710859471592
710859471608
710859471615
710859471622
710859471639
710859471653
710859471660
710859471677
710859471684
710859471691
710859471707
710859471714
710859471721
710859471738
710859471745
710859471752
710859471769
710859471783
710859471790
710859471806
710859471813
710859471820
710859471837
710859471844
710859471851
710859471868
710859471875
710859471882
710859471899
710859471912
710859471929
710859471943
710859471950
710859471967
710859471974
710859471981
710859471998
710859472001
710859472018
710859472025
710859472032
710859472049
710859472063
710859472070
710859472087
710859472094
710859472100
710859472117
710859472124
710859472131
710859472148
710859472155
710859472162
710859472179
710859472193
710859472209
710859472223
710859472230
710859472247
710859472254
710859472261
710859472278
710859472285
710859472292
710859472308
710859472315
710859472322
710859472339
710859472353
710859472360
710859472377
710859472384
710859472391
710859472407
710859472414
710859472421
710859472438
710859472445
710859472452
710859472469
710859472483
710859472490
710859472506
710859472513
710859472520
710859472537
710859472544
710859472551
710859472568
710859472575
710859472582
710859472599
710859472612
710859472629
710859472643
710859472650
710859472667
710859472674
710859472681
710859472698
710859472704
710859472711
710859472728
710859472735
710859472742
710859472759
710859472773
710859472780
710859472797
710859472803
710859472810
710859472827
710859472834
710859472841
710859472858
710859472865
710859472872
710859472889
710859472902
710859472919
710859472933
710859472940
710859472957
710859472964
710859472971
710859472988
710859472995
710859473008
710859473015
710859473022
710859473039
710859473053
710859473060
710859473077
710859473084
710859473091
710859473107
710859473114
710859473121
710859473138
710859473145
710859473152
710859473169
710859473183
710859473190
710859473206
710859473213
710859473220
710859473237
710859473244
710859473251
710859473268
710859473275
710859473282
710859473299
710859473312
710859473329
710859473343
710859473350
710859473367
710859473374
710859473381
710859473398
710859473404
710859473411
710859473428
710859473435
710859473442
710859473459
710859473473
710859473480
710859473497
710859473503
710859473510
710859473527
710859473534
710859473541
710859473558
710859473565
710859473572
710859473589
710859473602
710859473619
710859473633
710859473640
710859473657
710859473664
710859473671
710859473688
710859473695
710859473701
710859473718
710859473725
710859473732
710859473749
710859473763
710859473770
710859473787
710859473794
710859473800
710859473817
710859473824
710859473831
710859473848
710859473855
710859473862
710859473879
710859473893
710859473909
710859473923
710859473930
710859473947
710859473954
710859473961
710859473978
710859473985
710859473992
710859474005
710859474012
710859474029
710859474043
710859474050
710859474067
710859474074
710859474081
710859474098
710859474104
710859474111
710859474128
710859474135
710859474142
710859474159
710859474173
710859474180
710859474197
710859474203
710859474210
710859474227
710859474234
710859474241
710859474258
710859474265
710859474272
710859474289
710859474302
710859474319
710859474333
710859474340
710859474357
710859474364
710859474371
710859474388
710859474395
710859474401
710859474418
710859474425
710859474432
710859474449
710859474463
710859474470
710859474487
710859474494
710859474500
710859474517
710859474524
710859474531
710859474548
710859474555
710859474562
710859474579
710859474593
710859474609
710859474623
710859474630
710859474647
710859474654
710859474661
710859474678
710859474685
710859474692
710859474708
710859474715
710859474722
710859474739
710859474753
710859474760
710859474777
710859474784
710859474791
710859474807
710859474814
710859474821
710859474838
710859474845
710859474852
710859474869
710859474883
710859474890
710859474906
710859474913
710859474920
710859474937
710859474944
710859474951
710859474968
710859474975
710859474982
710859474999
710859475019
710859475033
710859475040
710859475057
710859475064
710859475071
710859475088
710859475095
710859475101
710859475118
710859475125
710859475132
710859475149
710859475163
710859475170
710859475187
710859475194
710859475200
710859475217
710859475224
710859475231
710859475248
710859475255
710859475262
710859475279
710859475293
710859475309
710859475323
710859475330
710859475347
710859475354
710859475361
710859475378
710859475385
710859475392
710859475408
710859475415
710859475422
710859475439
710859475453
710859475460
710859475477
710859475484
710859475491
710859475507
710859475514
710859475521
710859475538
710859475545
710859475552
710859475569
710859475583
710859475590
710859475606
710859475613
710859475620
710859475637
710859475644
710859475651
710859475668
710859475675
710859475682
710859475699
710859475712
710859475729
710859475743
710859475750
710859475767
710859475774
710859475781
710859475798
710859475804
710859475811
710859475828
710859475835
710859475842
710859475859
710859475873
710859475880
710859475897
710859475903
710859475910
710859475927
710859475934
710859475941
710859475958
710859475965
710859475972
710859475989
710859476009
710859476023
710859476030
710859476047
710859476054
710859476061
710859476078
710859476085
710859476092
710859476108
710859476115
710859476122
710859476139
710859476153
710859476160
710859476177
710859476184
710859476191
710859476207
710859476214
710859476221
710859476238
710859476245
710859476252
710859476269
710859476283
710859476290
710859476306
710859476313
710859476320
710859476337
710859476344
710859476351
710859476368
710859476375
710859476382
710859476399
710859476412
710859476429
710859476443
710859476450
710859476467
710859476474
710859476481
710859476498
710859476504
710859476511
710859476528
710859476535
710859476542
710859476559
710859476573
710859476580
710859476597
710859476603
710859476610
710859476627
710859476634
710859476641
710859476658
710859476665
710859476672
710859476689
710859476702
710859476719
710859476733
710859476740
710859476757
710859476764
710859476771
710859476788
710859476795
710859476801
710859476818
710859476825
710859476832
710859476849
710859476863
710859476870
710859476887
710859476894
710859476900
710859476917
710859476924
710859476931
710859476948
710859476955
710859476962
710859476979
710859476993
710859477006
710859477013
710859477020
710859477037
710859477044
710859477051
710859477068
710859477075
710859477082
710859477099
710859477112
710859477129
710859477143
710859477150
710859477167
710859477174
710859477181
710859477198
710859477204
710859477211
710859477228
710859477235
710859477242
710859477259
710859477273
710859477280
710859477297
710859477303
710859477310
710859477327
710859477334
710859477341
710859477358
710859477365
710859477372
710859477389
710859477402
710859477419
710859477433
710859477440
710859477457
710859477464
710859477471
710859477488
710859477495
710859477501
710859477518
710859477525
710859477532
710859477549
710859477563
710859477570
710859477587
710859477594
710859477600
710859477617
710859477624
710859477631
710859477648
710859477655
710859477662
710859477679
710859477693
710859477709
710859477723
710859477730
710859477747
710859477754
710859477761
710859477778
710859477785
710859477792
710859477808
710859477815
710859477822
710859477839
710859477853
710859477860
710859477877
710859477884
710859477891
710859477907
710859477914
710859477921
710859477938
710859477945
710859477952
710859477969
710859477983
710859477990
710859478003
710859478010
710859478027
710859478034
710859478041
710859478058
710859478065
710859478072
710859478089
710859478102
710859478119
710859478133
710859478140
710859478157
710859478164
710859478171
710859478188
710859478195
710859478201
710859478218
710859478225
710859478232
710859478249
710859478263
710859478270
710859478287
710859478294
710859478300
710859478317
710859478324
710859478331
710859478348
710859478355
710859478362
710859478379
710859478393
710859478409
710859478423
710859478430
710859478447
710859478454
710859478461
710859478478
710859478485
710859478492
710859478508
710859478515
710859478522
710859478539
710859478553
710859478560
710859478577
710859478584
710859478591
710859478607
710859478614
710859478621
710859478638
710859478645
710859478652
710859478669
710859478683
710859478690
710859478706
710859478713
710859478720
710859478737
710859478744
710859478751
710859478768
710859478775
710859478782
710859478799
710859478812
710859478829
710859478843
710859478850
710859478867
710859478874
710859478881
710859478898
710859478904
710859478911
710859478928
710859478935
710859478942
710859478959
710859478973
710859478980
710859478997
710859479000
710859479017
710859479024
710859479031
710859479048
710859479055
710859479062
710859479079
710859479093
710859479109
710859479123
710859479130
710859479147
710859479154
710859479161
710859479178
710859479185
710859479192
710859479208
710859479215
710859479222
710859479239
710859479253
710859479260
710859479277
710859479284
710859479291
710859479307
710859479314
710859479321
710859479338
710859479345
710859479352
710859479369
710859479383
710859479390
710859479406
710859479413
710859479420
710859479437
710859479444
710859479451
710859479468
710859479475
710859479482
710859479499
710859479512
710859479529
710859479543
710859479550
710859479567
710859479574
710859479581
710859479598
710859479604
710859479611
710859479628
710859479635
710859479642
710859479659
710859479673
710859479680
710859479697
710859479703
710859479710
710859479727
710859479734
710859479741
710859479758
710859479765
710859479772
710859479789
710859479802
710859479819
710859479833
710859479840
710859479857
710859479864
710859479871
710859479888
710859479895
710859479901
710859479918
710859479925
710859479932
710859479949
710859479963
710859479970
710859479987
710859479994
710859480006
710859480013
710859480020
710859480037
710859480044
710859480051
710859480068
710859480075
710859480082
710859480099
710859480112
710859480129
710859480143
710859480150
710859480167
710859480174
710859480181
710859480198
710859480204
710859480211
710859480228
710859480235
710859480242
710859480259
710859480273
710859480280
710859480297
710859480303
710859480310
710859480327
710859480334
710859480341
710859480358
710859480365
710859480372
710859480389
710859480402
710859480419
710859480433
710859480440
710859480457
710859480464
710859480471
710859480488
710859480495
710859480501
710859480518
710859480525
710859480532
710859480549
710859480563
710859480570
710859480587
710859480594
710859480600
710859480617
710859480624
710859480631
710859480648
710859480655
710859480662
710859480679
710859480693
710859480709
710859480723
710859480730
710859480747
710859480754
710859480761
710859480778
710859480785
710859480792
710859480808
710859480815
710859480822
710859480839
710859480853
710859480860
710859480877
710859480884
710859480891
710859480907
710859480914
710859480921
710859480938
710859480945
710859480952
710859480969
710859480983
710859480990
710859481003
710859481010
710859481027
710859481034
710859481041
710859481058
710859481065
710859481072
710859481089
710859481102
710859481119
710859481133
710859481140
710859481157
710859481164
710859481171
710859481188
710859481195
710859481201
710859481218
710859481225
710859481232
710859481249
710859481263
710859481270
710859481287
710859481294
710859481300
710859481317
710859481324
710859481331
710859481348
710859481355
710859481362
710859481379
710859481393
710859481409
710859481423
710859481430
710859481447
710859481454
710859481461
710859481478
710859481485
710859481492
710859481508
710859481515
710859481522
710859481539
710859481553
710859481560
710859481577
710859481584
710859481591
710859481607
710859481614
710859481621
710859481638
710859481645
710859481652
710859481669
710859481683
710859481690
710859481706
710859481713
710859481720
710859481737
710859481744
710859481751
710859481768
710859481775
710859481782
710859481799
710859481812
710859481829
710859481843
710859481850
710859481867
710859481874
710859481881
710859481898
710859481904
710859481911
710859481928
710859481935
710859481942
710859481959
710859481973
710859481980
710859481997
710859482000
710859482017
710859482024
710859482031
710859482048
710859482055
710859482062
710859482079
710859482093
710859482109
710859482123
710859482130
710859482147
710859482154
710859482161
710859482178
710859482185
710859482192
710859482208
710859482215
710859482222
710859482239
710859482253
710859482260
710859482277
710859482284
710859482291
710859482307
710859482314
710859482321
710859482338
710859482345
710859482352
710859482369
710859482383
710859482390
710859482406
710859482413
710859482420
710859482437
710859482444
710859482451
710859482468
710859482475
710859482482
710859482499
710859482512
710859482529
710859482543
710859482550
710859482567
710859482574
710859482581
710859482598
710859482604
710859482611
710859482628
710859482635
710859482642
710859482659
710859482673
710859482680
710859482697
710859482703
710859482710
710859482727
710859482734
710859482741
710859482758
710859482765
710859482772
710859482789
710859482802
710859482819
710859482833
710859482840
710859482857
710859482864
710859482871
710859482888
710859482895
710859482901
710859482918
710859482925
710859482932
710859482949
710859482963
710859482970
710859482987
710859482994
710859483007
710859483014
710859483021
710859483038
710859483045
710859483052
710859483069
710859483083
710859483090
710859483106
710859483113
710859483120
710859483137
710859483144
710859483151
710859483168
710859483175
710859483182
710859483199
710859483212
710859483229
710859483243
710859483250
710859483267
710859483274
710859483281
710859483298
710859483304
710859483311
710859483328
710859483335
710859483342
710859483359
710859483373
710859483380
710859483397
710859483403
710859483410
710859483427
710859483434
710859483441
710859483458
710859483465
710859483472
710859483489
710859483502
710859483519
710859483533
710859483540
710859483557
710859483564
710859483571
710859483588
710859483595
710859483601
710859483618
710859483625
710859483632
710859483649
710859483663
710859483670
710859483687
710859483694
710859483700
710859483717
710859483724
710859483731
710859483748
710859483755
710859483762
710859483779
710859483793
710859483809
710859483823
710859483830
710859483847
710859483854
710859483861
710859483878
710859483885
710859483892
710859483908
710859483915
710859483922
710859483939
710859483953
710859483960
710859483977
710859483984
710859483991
710859484004
710859484011
710859484028
710859484035
